1125
1126
1126
1127
1129
1130
1133
1133
1133
1133
1135
1136
1137
1137
1139
1141
1142
1142
1144
1145
1145
1146
1147
1147
1148
1148
1149
1152
1153
1154
1155
1157
1157
1157
1158
1159
1159
1160
1161
1162
1162
1165
1165
1167
1168
1169
1170
1170
1171
1171
1171
1172
1173
1173
1174
1174
1174
1175
1176
1177
1179
1182
1183
1185
1186
1187
1187
1187
1187
1188
1189
1190
1190
1193
1194
1196
1197
1198
1199
1200
1201
1202
1203
1203
1203
1203
1203
1204
1204
1205
1207
1207
1208
1212
1212
1213
1213
1214
1214
1215
1215
1215
1217
1217
1219
1219
1219
1220
1220
1221
1221
1222
1225
1228
1228
1230
1231
1232
1232
1232
1232
1233
1233
1233
1233
1235
1237
1237
1238
1239
1241
1243
1245
1246
1247
1247
1249
1251
1252
1253
1254
1255
1256
1256
1256
1258
1258
1259
1261
1261
1261
1262
1268
1268
1268
1268
1269
1269
1270
1271
1271
1272
1272
1272
1273
1274
1275
1275
1276
1279
1279
1279
1279
1280
1282
1283
1285
1285
1285
1286
1286
1288
1289
1291
1291
1291
1292
1293
1295
1296
1296
1297
1297
1298
1298
1299
1299
1299
1300
1301
1302
1303
1303
1303
1304
1306
1309
1310
1311
1311
1312
1313
1314
1316
1316
1317
1317
1317
1317
1319
1320
1322
1322
1322
1325
1326
1326
1327
1328
1329
1329
1330
1331
1333
1333
1334
1335
1336
1337
1338
1339
1341
1341
1342
1344
1344
1346
1346
1349
1349
1349
1350
1350
1354
1355
1356
1356
1357
1358
1358
1358
1359
1359
1360
1362
1363
1363
1363
1365
1366
1366
1366
1367
1368
1369
1370
1371
1371
1371
1373
1375
1375
1375
1378
1379
1380
1380
1383
1386
1386
1386
1388
1388
1390
1390
1391
1392
1392
1393
1397
1397
1398
1399
1400
1402
1404
1404
1405
1407
1408
1408
1408
1410
1411
1412
1412
1412
1413
1414
1415
1417
1417
1418
1418
1421
1422
1422
1424
1424
1425
1425
1426
1427
1427
1427
1427
1427
1428
1428
1428
1428
1429
1430
1430
1432
1433
1434
1434
1437
1437
1437
1438
1438
1439
1439
1440
1441
1441
1442
1442
1443
1445
1446
1449
1451
1452
1454
1454
1454
1455
1455
1458
1458
1459
1463
1463
1464
1464
1465
1465
1465
1466
1467
1468
1468
1468
1469
1469
1470
1470
1472
1472
1472
1474
1474
1475
1477
1478
1479
1479
1480
1480
1484
1485
1486
1486
1487
1488
1488
1489
1490
1497
1498
1500
1500
1500
1501
1501
1501
1502
1503
1503
1503
1504
1504
1508
1511
1511
1511
1512
1512
1512
1513
1513
1517
1517
1517
1518
1519
1521
1521
1521
1523
1524
1524
1524
1525
1526
1526
1527
1527
1529
1529
1529
1529
1529
1531
1532
1534
1534
1535
1535
1535
1535
1537
1538
1538
1539
1540
1542
1544
1545
1545
1546
1547
1548
1548
1549
1550
1550
1551
1551
1553
1555
1557
1557
1557
1558
1559
1560
1562
1562
1563
1563
1565
1568
1568
1569
1569
1569
1570
1570
1570
1572
1574
1575
1575
1577
1578
1580
1583
1584
1585
1586
1586
1587
1588
1589
1590
1590
1591
1592
1593
1593
1595
1595
1597
1599
1599
1600
1600
1600
1600
1601
1601
1602
1603
1603
1604
1604
1606
1607
1607
1609
1609
1610
1611
1611
1611
1615
1615
1618
1618
1619
1619
1619
1619
1621
1621
1624
1626
1626
1628
1628
1628
1629
1629
1632
1634
1634
1634
1635
1635
1636
1638
1643
1644
1646
1647
1648
1649
1649
1650
1651
1653
1654
1654
1654
1658
1658
1658
1659
1659
1660
1663
1664
1665
1666
1666
1667
1671
1671
1672
1673
1675
1675
1677
1678
1678
1679
1680
1682
1682
1684
1686
1689
1693
1694
1694
1695
1695
1696
1697
1697
1699
1700
1702
1703
1704
1704
1705
1705
1706
1707
1707
1707
1707
1708
1708
1708
1708
1709
1710
1711
1711
1711
1712
1713
1714
1714
1717
1719
1720
1720
1720
1721
1721
1722
1722
1723
1724
1725
1726
1726
1727
1727
1728
1728
1728
1728
1729
1729
1729
1731
1732
1732
1733
1736
1736
1736
1736
1736
1737
1737
1741
1745
1745
1745
1746
1748
1748
1750
1750
1751
1753
1753
1753
1754
1756
1757
1758
1758
1761
1762
1762
1762
1763
1763
1763
1763
1764
1764
1767
1769
1769
1772
1773
1773
1773
1774
1775
1775
1777
1777
1778
1779
1780
1786
1787
1788
1790
1792
1793
1793
1795
1796
1797
1798
1798
1799
1799
1801
1803
1803
1803
1805
1805
1805
1806
1807
1809
1809
1809
1810
1811
1812
1812
1814
1815
1817
1817
1818
1819
1822
1823
1824
1825
1825
1825
1825
1826
1828
1828
1828
1829
1830
1831
1833
1833
1834
1834
1835
1836
1836
1838
1839
1840
1840
1841
1841
1843
1846
1846
1846
1849
1849
1851
1853
1853
1853
1856
1857
1857
1858
1859
1860
1861
1861
1863
1864
1866
1867
1867
1868
1869
1870
1871
1871
1874
1876
1876
1877
1878
1878
1880
1880
1881
1884
1884
1884
1884
1884
1885
1885
1887
1889
1890
1890
1890
1891
1893
1894
1894
1895
1895
1896
1903
1903
1904
1905
1905
1907
1907
1908
1909
1910
1910
1911
1912
1913
1914
1915
1916
1918
1919
1920
1920
1921
1922
1922
1923
1925
1926
1926
1927
1928
1930
1931
1931
1931
1932
1933
1933
1938
1938
1941
1942
1942
1942
1943
1944
1946
1948
1949
1949
1951
1952
1952
1953
1954
1954
1955
1957
1958
1959
1960
1960
1961
1964
1965
1967
1967
1968
1969
1970
1972
1972
1972
1973
1974
1975
1975
1975
1975
1977
1979
1980
1980
1981
1984
1985
1985
1985
1986
1986
1986
1986
1987
1988
1989
1989
1990
1991
1993
1993
1994
1994
1994
1994
1994
1995
1996
1998
1999
1999
1999
2000
2000
2001
2002
2004
2005
2005
2005
2009
2009
2010
2012
2012
2013
2013
2013
2014
2014
2015
2017
2018
2019
2020
2020
2020
2022
2022
2022
2022
2022
2027
2027
2031
2031
2032
2032
2033
2034
2034
2036
2037
2037
2038
2040
2040
2042
2042
2043
2044
2045
2047
2047
2049
2049
2051
2052
2053
2053
2053
2056
2056
2057
2058
2059
2061
2061
2066
2067
2068
2068
2068
2072
2072
2074
2074
2074
2076
2076
2077
2078
2080
2080
2080
2086
2087
2088
2088
2089
2091
2093
2095
2097
2097
2099
2101
2102
2103
2105
2106
2109
2110
2111
2112
2113
2113
2114
2115
2115
2118
2118
2119
2120
2121
2121
2122
2122
2122
2124
2126
2126
2126
2127
2128
2130
2131
2131
2132
2132
2134
2134
2135
2135
2137
2138
2139
2140
2141
2142
2143
2143
2144
2144
2145
2146
2148
2149
2149
2151
2152
2152
2153
2153
2153
2155
2155
2156
2156
2158
2158
2159
2160
2161
2163
2163
2165
2167
2170
2170
2171
2172
2173
2174
2174
2174
2174
2176
2177
2177
2178
2178
2178
2178
2178
2180
2181
2181
2182
2182
2183
2184
2189
2190
2190
2191
2192
2193
2194
2195
2195
2196
2196
2197
2197
2198
2198
2198
2200
2200
2201
2201
2202
2202
2203
2203
2204
2207
2208
2210
2210
2211
2213
2214
2215
2216
2216
2216
2217
2218
2218
2219
2219
2221
2221
2223
2224
2226
2226
2227
2227
2228
2228
2228
2228
2229
2230
2231
2231
2232
2232
2233
2234
2234
2234
2234
2235
2236
2238
2238
2239
2240
2240
2240
2241
2243
2244
2246
2247
2248
2249
2249
2250
2251
2251
2251
2252
2253
2255
2256
2256
2257
2257
2261
2261
2261
2261
2261
2263
2265
2266
2266
2267
2267
2267
2269
2269
2270
2272
2272
2273
2275
2276
2278
2279
2280
2280
2282
2282
2283
2287
2287
2287
2290
2290
2290
2291
2292
2293
2295
2295
2297
2298
2300
2303
2303
2304
2305
2305
2306
2310
2311
2312
2313
2313
2314
2314
2314
2315
2319
2320
2323
2323
2324
2325
2326
2327
2327
2328
2328
2330
2331
2331
2331
2336
2339
2339
2340
2340
2341
2342
2348
2349
2349
2349
2351
2351
2352
2352
2352
2353
2356
2356
2357
2357
2357
2358
2359
2361
2363
2363
2363
2364
2365
2366
2367
2367
2368
2368
2370
2371
2371
2371
2371
2372
2372
2374
2377
2377
2378
2378
2379
2381
2381
2382
2382
2384
2386
2386
2386
2386
2386
2387
2387
2387
2388
2388
2388
2388
2389
2394
2394
2394
2395
2395
2396
2396
2396
2399
2399
2400
2403
2404
2406
2406
2407
2408
2409
2409
2412
2413
2415
2417
2417
2418
2418
2418
2418
2420
2420
2422
2426
2426
2427
2427
2428
2428
2430
2431
2431
2433
2433
2434
2435
2435
2435
2436
2436
2437
2438
2438
2439
2439
2440
2441
2442
2442
2442
2448
2449
2450
2450
2451
2451
2452
2452
2454
2455
2456
2457
2458
2460
2461
2462
2462
2464
2464
2464
2465
2466
2467
2473
2473
2474
2475
2476
2476
2476
2477
2477
2479
2479
2480
2483
2484
2485
2485
2486
2487
2487
2489
2489
2493
2496
2496
2496
2497
2497
2499
2500
2501
2502
2502
2502
2509
2509
2510
2510
2511
2514
2516
2517
2517
2517
2518
2520
2522
2522
2523
2524
2524
2524
2525
2526
2526
2527
2529
2529
2529
2531
2531
2531
2533
2533
2533
2535
2535
2536
2539
2542
2544
2546
2546
2547
2548
2548
2549
2549
2550
2550
2551
2551
2552
2553
2553
2554
2556
2557
2558
2560
2560
2561
2561
2562
2562
2563
2563
2564
2565
2569
2569
2569
2570
2571
2573
2575
2577
2579
2579
2579
2580
2580
2580
2581
2581
2581
2583
2583
2586
2586
2587
2588
2588
2592
2595
2595
2596
2597
2597
2597
2598
2599
2600
2600
2601
2602
2602
2603
2604
2605
2608
2608
2609
2609
2609
2609
2610
2610
2611
2613
2613
2614
2615
2615
2617
2618
2619
2619
2620
2620
2620
2623
2625
2626
2629
2632
2633
2635
2635
2637
2638
2639
2640
2640
2643
2643
2643
2644
2645
2645
2646
2646
2647
2647
2647
2648
2650
2651
2652
2652
2652
2653
2653
2657
2657
2658
2658
2658
2659
2659
2660
2660
2663
2663
2663
2664
2664
2665
2666
2668
2670
2670
2670
2670
2671
2672
2673
2674
2675
2675
2675
2676
2677
2678
2679
2681
2682
2685
2687
2689
2689
2690
2693
2693
2694
2695
2696
2698
2700
2700
2701
2702
2702
2702
2702
2703
2704
2708
2708
2708
2708
2709
2709
2712
2712
2712
2712
2712
2715
2718
2719
2719
2721
2722
2723
2724
2725
2726
2726
2728
2729
2731
2731
2734
2736
2736
2736
2737
2737
2743
2744
2746
2748
2748
2748
2748
2750
2750
2751
2751
2752
2752
2752
2753
2754
2755
2755
2756
2757
2757
2758
2760
2760
2761
2762
2762
2764
2766
2769
2770
2770
2771
2771
2773
2774
2774
2774
2776
2777
2780
2780
2781
2785
2785
2785
2787
2787
2788
2789
2790
2791
2791
2793
2794
2795
2796
2798
2798
2799
2799
2800
2800
2801
2803
2806
2806
2806
2809
2811
2812
2813
2814
2815
2815
2817
2817
2817
2819
2820
2822
2822
2824
2825
2825
2826
2827
2829
2830
2830
2831
2833
2833
2834
2835
2836
2836
2836
2838
2839
2841
2841
2842
2842
2842
2842
2842
2844
2845
2849
2850
2850
2850
2851
2851
2852
2853
2855
2856
2856
2857
2858
2859
2859
2860
2860
2861
2861
2862
2863
2865
2865
2867
2867
2867
2869
2871
2872
2874
2874
2876
2879
2879
2880
2880
2881
2881
2882
2884
2885
2886
2888
2889
2889
2890
2890
2891
2892
2894
2896
2896
2897
2898
2898
2899
2899
2900
2901
2902
2904
2906
2906
2907
2908
2908
2909
2909
2910
2913
2913
2915
2916
2917
2919
2920
2923
2924
2924
2925
2929
2929
2931
2935
2935
2936
2938
2939
2940
2941
2943
2944
2944
2944
2945
2946
2947
2949
2949
2949
2950
2950
2951
2953
2953
2956
2956
2958
2959
2959
2959
2963
2964
2964
2964
2967
2969
2970
2970
2971
2972
2973
2973
2973
2973
2974
2976
2978
2978
2979
2980
2980
2980
2981
2981
2983
2984
2984
2985
2986
2989
2989
2989
2990
2992
2992
2993
2993
2994
2994
2994
2995
2995
2996
2996
2997
2999
2999
