1678
2709
1479
1183
2037
1584
2852
1477
2899
2971
2178
2088
1386
2353
1205
1823
2367
1985
2001
2531
2524
2695
1887
2009
2174
2126
2313
2898
2131
1856
1452
1312
1468
1634
1858
1261
2068
2535
2963
1197
2643
1986
2103
1463
2105
1298
1397
1880
2514
1618
2018
2626
2261
1501
2724
1714
1535
1225
1214
1286
2226
1359
2645
1574
2748
1815
1215
2599
2757
1721
1176
1607
2387
1274
1369
1271
1926
2796
2973
1317
2753
1511
2944
2042
2510
2826
1502
1884
1424
2676
1175
1586
2602
1600
2045
1177
1285
1256
2901
2305
1696
2328
1254
2647
1295
1261
2314
1650
1810
2287
2830
2442
1162
2477
2829
1949
1388
2473
1425
2049
2323
1328
1955
1432
2659
1708
2080
2770
2580
1762
2851
2984
2751
2664
1170
2946
1857
1952
1125
1575
1247
1994
1769
1529
1512
1944
2183
1521
1309
1549
2597
1665
2170
2904
1986
2121
2474
1725
1488
1745
1861
1910
2386
2348
2944
2653
1977
1833
1535
1256
1160
1158
2923
2279
1212
2771
2099
1404
2499
1472
2879
2305
2327
2652
1427
1911
2178
1232
1632
1190
2755
1799
2413
1524
1366
2569
1984
2836
1763
1316
1709
1920
2748
2728
1363
2215
2734
2609
1442
2945
1472
2841
1380
1705
2909
1607
2433
2261
2388
1659
1437
1504
2908
2122
1727
2972
1839
1441
2479
2994
2865
1428
2736
1811
2457
2231
1383
2721
2438
2465
2841
2896
2406
1959
1157
1362
1187
1442
2980
1694
1275
2997
1980
2803
1986
2132
1928
2874
1989
1626
2531
1569
1297
1148
1647
1775
2689
2386
1555
2151
2672
1358
2232
1988
2427
2581
2708
1604
2774
1329
2197
2290
2480
2456
2298
2216
1930
2196
2111
2915
1857
1311
2252
1693
2842
1350
1171
2280
1219
1828
1208
1424
1889
1182
1346
2569
1764
2588
1863
2650
2780
2781
1488
2273
1895
2461
1618
2000
1786
1994
1221
2712
2554
1853
2171
1870
1475
1213
2859
2670
1680
2620
2361
1174
2894
1333
2516
1995
1876
2357
2569
2757
2396
1438
1237
1677
2357
1474
1243
1851
2163
1777
2990
1303
2992
2265
1170
2675
1279
1654
1884
2261
2872
2013
1421
1931
2790
1615
1969
2980
1809
2408
1446
2812
2535
1722
2675
2509
1282
1356
1967
1619
2859
2442
1603
1551
1512
2351
1289
1538
1298
2377
2267
1708
1303
1590
1895
2066
1437
1478
1578
1490
1849
1920
1545
2553
2051
2702
1551
1272
2851
2476
2034
2156
2890
2476
2135
2485
1592
1545
1569
2020
1611
2635
2378
2219
1272
2845
2526
1682
2462
2124
2526
2439
2994
2203
2158
1793
1220
2774
2163
2736
2629
2314
2529
2881
2320
1846
2879
1867
2282
1286
2349
1651
1392
2399
2178
1711
1836
1232
1587
2525
2072
2415
2700
1699
1391
2863
1500
1316
2005
2234
1360
1610
1903
2638
2570
2120
2156
2340
2363
2192
1412
2435
1388
2557
2155
1907
2455
2517
2101
2996
1710
1773
2817
1599
1805
2581
2502
1279
2409
2677
1880
1736
2817
1975
1241
2619
1764
2190
2844
1489
1825
2675
1174
2086
1675
1896
2394
2917
2428
2047
2400
2313
1724
2126
2239
2374
1733
1987
2949
1867
1907
2671
2978
1649
2817
2197
2833
2708
1542
1467
1967
1708
1831
1355
2609
2080
2278
2038
1762
2249
1469
2442
1246
2291
2467
2122
2326
2251
2583
1427
1469
2524
2261
2533
1371
2867
2776
1634
2822
1133
2144
2207
2336
2417
2919
1611
2127
2836
2785
2434
2234
1449
2967
1726
2059
2884
1341
2381
1893
1635
2263
1204
1344
1189
2388
2748
2395
2774
2973
1666
2058
1942
1943
1373
1459
2300
2489
1563
2580
1413
1375
1207
2999
1736
2496
1565
1283
2232
1868
1792
1659
1126
1798
2323
1273
1853
2787
2989
1615
2228
2496
1922
2751
2896
2511
1526
1288
2076
1961
1276
1993
1408
2364
1763
2973
2984
1672
2822
1258
1964
2560
2436
1748
1174
2712
2750
2524
2201
1825
1259
2037
2233
2614
2387
2722
1903
2072
1544
2731
2303
2842
2372
1609
1788
2766
2609
1769
1562
1142
2359
2331
1339
1660
2228
1758
2539
2698
1458
2486
2012
1830
2815
1825
2645
2646
2780
2153
2319
1159
1682
2214
2867
1884
2020
1370
1153
1262
1817
1291
1972
2596
2042
1834
1905
1753
2276
2272
1763
2527
1173
2956
2951
1828
2152
2517
2422
1534
2217
2269
2542
2664
1501
2464
2080
2022
1822
2312
1358
2610
2412
1777
2857
1568
2378
2889
2236
2657
2126
1472
1304
1593
2195
1485
2860
1580
2180
2575
2032
1454
2850
1311
1155
2358
2827
1147
1412
2726
2906
2433
2040
1480
2270
2889
1428
2256
2935
2562
2833
1433
2834
2174
2898
1942
1986
2202
1500
1663
2102
2907
1994
2399
2813
1344
1884
1366
1251
1745
1553
1268
1773
1953
2825
1154
2004
1147
1778
1314
2981
1695
1418
2340
1437
2034
2244
1741
1673
1600
2181
1368
2266
2349
1994
1484
2295
1126
2200
2835
2746
2153
2723
1524
2379
1486
1408
2143
1736
1806
1349
2986
1291
1508
1728
2053
2243
2115
1521
2665
1704
2396
2850
2953
2234
1407
2838
2372
2809
1885
2750
2076
2799
1141
1203
1188
2824
2681
1550
1714
2880
2708
2715
1910
2610
2518
2657
1720
1841
2729
1168
1635
2547
1171
2366
1779
1404
1948
1359
2165
2964
2221
1704
2371
2602
2652
1350
2743
2856
1664
2950
1737
2929
2257
1512
1914
2371
2820
2093
1798
1860
2489
2947
1590
1529
1412
2640
2853
1686
1909
1972
2140
2502
1408
2789
1834
1410
1572
2119
2906
1215
2581
1919
1405
2755
2357
2178
2978
1358
2218
1518
1689
1654
1871
1480
2403
1611
1671
2949
1336
1772
1624
2533
1239
1303
1503
2617
1874
2522
2418
2964
2658
2700
1550
2892
2640
1232
1728
2068
2931
1269
1960
1169
2182
1365
2174
1380
2114
2885
2131
2012
1279
1479
2890
2744
2668
2510
2608
1313
2974
2674
1933
2418
2861
2257
1575
1918
1933
1722
2436
1853
2431
1799
1908
1991
1386
1942
2330
1538
1319
2251
1695
2077
1775
2013
2615
2788
1634
2251
2529
1758
2213
2709
2310
2139
2794
2900
2087
2979
1422
2981
1142
1931
2161
2773
1269
1748
2438
1430
2395
2880
2613
2287
1941
1299
2031
2022
1801
2454
2659
2806
2647
1302
2428
1894
2620
2160
1601
1139
1795
1559
2135
1736
2980
2935
1233
2382
2958
2149
1601
1443
2806
1285
1809
2598
1628
2210
1719
2597
1378
2144
2211
2022
2227
2221
1540
1968
1750
2325
2886
1999
2218
2181
1869
2427
1200
1728
1445
2484
1568
1418
1694
1975
2331
2995
2993
2938
1600
2865
1133
2693
2791
1238
1136
1846
2267
1999
1697
2435
1458
1643
2600
1439
2658
1414
1703
1129
1230
1190
1989
2497
2523
2754
2748
1707
2290
1534
1270
2563
2351
1511
2941
1531
1464
1859
1228
1970
2146
1926
2460
1186
1916
1809
1603
2950
2619
2814
2666
1807
2798
2210
1529
1317
2956
1532
2959
2032
1342
1717
2368
1161
2615
2170
2583
2292
2235
1797
2371
2860
2418
2520
2201
2227
1145
1923
2091
1463
1711
1570
1268
2394
1310
1465
2027
1891
2548
1329
1317
1214
2819
1679
1173
1331
2548
2777
2020
1546
1702
1588
2660
2331
2174
2193
1828
1754
2238
2580
2464
2836
1253
1487
2605
2600
1159
1219
2653
1527
1204
2128
1215
1439
1349
2556
2178
2996
2856
1595
2388
1513
2586
2712
2565
1597
1527
2141
1793
1563
1658
2760
2430
2673
2702
2687
1334
1203
1133
2825
2976
2053
1196
2694
2130
1780
1279
2476
2924
2920
1194
1165
1285
1958
1972
2420
2068
2801
1390
1818
2861
1649
2999
1212
2652
1884
1392
2785
2417
1921
2314
2143
2132
2682
2771
2703
2287
2685
1427
2280
2435
1604
2311
1922
2791
2014
2451
1600
2648
1525
2228
2388
2643
1606
2546
2798
1371
1231
1585
1557
2881
2198
2005
2138
1280
1751
1732
2195
2113
2762
1291
2815
1268
1644
2295
2230
2752
1720
2552
2787
1468
2925
1430
2109
2341
1557
1466
1949
1326
1454
1207
1397
2658
1824
1712
1757
2855
2924
2936
1980
2306
2275
1451
2970
1233
1726
2563
1148
2176
2365
1338
2989
1951
2536
1137
1272
1746
2651
2389
2701
2678
1750
2529
1220
2497
2449
2097
2231
1773
2632
1411
1357
2908
2993
2010
2663
2153
1255
1548
2022
1519
2949
2663
1146
2531
2726
1595
2913
1890
1203
1558
2368
1454
1198
1137
2752
2592
1912
1570
2253
2620
2613
2394
1548
1149
2760
2053
2097
1427
2588
2487
2303
2198
2579
1736
1535
1619
2293
1591
1261
2261
2586
2198
2049
2089
2564
2882
2888
2940
1133
2352
2191
2899
2477
1932
2670
2663
1500
1877
1803
1621
2501
2056
2173
1817
1628
1219
2441
1653
2121
2223
2189
2015
2177
2406
2057
1185
1993
1711
1790
1526
1864
1931
2475
1501
2561
1996
1296
2603
1252
1317
1464
1974
1529
2047
2106
1763
1524
1237
1812
2953
2550
1666
2806
1878
2964
2793
2992
1235
2240
1866
2290
1474
2756
1700
2549
2283
2184
1245
1438
2625
1157
2327
1646
2670
1729
2342
2115
1583
2241
1713
2473
2002
2216
2266
1228
2339
2182
2643
2679
2902
2088
2137
2623
1762
1767
1841
2769
1707
2551
2363
1890
1569
1375
2708
2249
1619
2670
1684
1296
1187
2224
2943
2696
2466
2452
1320
1985
2324
1697
2533
1468
1398
1915
1393
1179
1429
1638
2352
2027
2608
2800
1217
1127
1629
2969
1846
1517
2352
1707
1890
2040
2074
1306
2172
1517
1165
2573
2493
1172
2452
2167
1425
1422
2044
1833
2577
1292
2226
2356
1840
1927
1965
1193
2916
2985
2248
1861
1535
2483
2052
1390
2155
1803
1957
1913
2177
1213
1938
1326
1667
1356
1201
1202
1557
1938
2216
2496
1840
1805
1162
1954
2579
1796
2462
2304
2448
2587
1349
2799
1975
1904
2204
1985
2145
2487
2122
2647
1375
1537
2229
2384
2544
2502
2831
1299
2019
2560
2959
2604
1300
2043
2842
2194
2356
1363
2328
1787
1849
2407
2549
2013
1337
1826
2509
1721
1658
2874
2134
1946
1322
1589
1732
1465
2869
1994
1440
1217
2247
2256
2386
1187
1415
2633
1881
1268
1157
2973
1256
1960
2579
1878
1628
2148
1465
2842
2118
2451
1529
1577
2712
1774
2387
1999
1671
2550
1539
2909
2240
2690
1658
1299
1998
2439
2719
2009
1979
2862
1135
1952
1399
1805
2571
1486
1363
2761
2712
2267
2149
2913
1602
1354
1753
1470
2800
1145
2693
2381
2202
1619
2858
2731
1346
1626
2718
2871
2839
1675
1707
2367
2639
1232
1885
2752
1171
2371
2240
2458
1293
2897
2989
2910
1441
2196
2830
1517
1829
2994
1636
2158
2228
2770
1275
1593
2464
2876
1322
1599
2762
1511
2000
1731
1706
1925
1249
1199
1428
2725
2546
2983
2269
2485
2078
2074
1341
2450
2382
2113
1843
2363
1379
1455
1737
2702
1835
2850
1402
2737
2255
2517
1400
2959
1233
2246
2203
2704
2939
1417
1434
1503
1426
2349
1894
2190
2014
2601
2785
2238
2152
1371
1417
1297
2702
1819
1470
1187
2764
2142
2234
2418
1503
2440
1836
1547
1322
1621
1455
2033
1708
2036
2660
2056
2118
2031
1728
2404
2689
1876
1247
2553
1301
2061
2159
2200
1203
2795
1167
2929
1825
2250
1560
2891
1629
2437
2315
2005
1258
2558
2208
2386
2339
1335
1233
1144
2134
2112
1152
2017
1586
1428
2219
2944
1871
2811
1570
1973
1203
1990
2272
2110
2500
1705
1327
2618
2095
2297
2370
2595
2386
1756
2450
1745
2479
2609
2758
2551
1221
1803
2282
2426
2635
1367
1521
2644
1761
2637
2736
1523
2022
2061
1498
1333
1723
1981
1975
1427
1130
1609
1222
2067
2522
2611
1325
1720
2737
1812
2646
1954
2597
2409
1905
2867
1386
2995
2595
2074
1678
1330
1814
1504
2561
1654
1366
2431
1753
2377
2849
1513
1497
1562
2842
1434
2562
2396
1727
2420
1729
2719
1838
2426
1648
1729
1271
2970
