1423
1508
1495
2431
1747
2358
2015
2423
1723
2542
2674
2921
2373
2546
2337
1758
1227
1244
2272
1295
2738
2149
1490
1295
2908
1464
2543
1678
1309
1556
1310
1197
2809
2333
2357
2974
1143
1722
1817
2676
2531
2314
2045
1517
1183
1410
1919
1847
2338
1664
1883
2340
2641
2101
1618
2854
2574
2207
2518
1331
2613
1494
1481
2112
1837
1991
1969
1186
1202
2567
1980
1294
2969
2344
1750
2255
1987
1628
2846
1476
2915
1332
2951
1194
1919
2051
1991
2566
2159
2336
1195
2340
1548
2933
1511
2376
1767
2480
2441
2061
1430
2975
1364
1504
2682
2491
2472
1660
1478
1908
2518
2267
2142
2954
2040
2803
2379
2892
2111
1622
2552
2403
1568
2259
2016
2570
2423
2817
2321
2807
2439
1921
1951
2356
1512
1177
2322
2763
2257
1964
1523
2971
1939
2966
2182
2166
1523
1888
2984
2372
1908
1584
2457
2830
1549
1175
2615
1947
2898
2107
2338
1959
2884
1324
1617
1335
2053
1889
2815
2138
1728
1855
2525
2151
2469
2195
1443
1842
2375
1390
2958
1982
1177
2696
2820
1955
2294
1543
2576
2261
1318
2729
1473
2465
1154
2184
1737
2830
1135
1129
1350
2854
2191
2674
1924
1292
1763
1400
2707
2298
2084
2189
2858
2620
1442
1632
1373
1633
2861
1822
1544
1723
1554
2712
2403
2083
1884
1156
1652
2201
1156
1196
1563
2930
2111
2841
2390
2365
1229
1255
2695
2120
2325
2193
1780
1815
1384
1786
1651
1695
1139
1802
1956
2921
2349
1422
2662
1457
2145
2249
2728
2902
1435
1596
1462
2243
1263
2508
2457
2677
1355
2985
1919
1293
1987
2162
1395
2381
1207
2060
2292
2545
1383
2619
1972
1955
2394
1135
2045
2342
1578
1207
2470
1740
1512
1491
1297
1749
2802
2609
1282
2070
2761
2479
2493
1337
2022
1881
2703
2290
1616
1539
2359
2839
1704
1541
1776
2336
1143
1876
2360
1502
2399
1831
2761
2897
2093
1692
1957
2961
1255
1912
2628
1304
2524
1276
1974
1422
2706
1559
2002
1594
1684
1380
1671
1742
2867
2022
1768
1454
1184
1413
2028
2353
2317
2738
1760
2885
1220
2097
2172
1982
2477
1329
2483
2768
2153
1226
2368
2778
1805
1141
2348
1667
2369
1263
1718
2563
2182
1952
1180
2613
2239
1855
1507
1587
2447
2653
2838
1569
1351
2737
1454
1301
2348
1808
2691
2627
1427
2952
2169
1268
1287
1232
2929
2378
1720
1406
1321
2533
2985
2358
1293
2268
1253
2688
2160
1821
2864
1586
2448
1288
2860
1481
2729
2511
2429
1380
2558
2562
2784
2914
2554
1309
1145
2211
1156
2295
2164
1617
1965
1430
1555
2647
2875
1621
2345
2094
1778
2097
1893
1976
1990
1240
1657
1789
2157
2620
2432
2437
1783
1269
2807
1715
1575
2953
1790
1641
1183
1960
1635
1952
1670
2404
1874
2087
2672
2561
2100
1692
2671
1437
2643
1370
1411
1729
1816
2172
2750
1796
2641
1557
1747
1972
2336
2561
2199
2659
2984
1217
1242
2066
1881
2517
2276
2818
2016
2769
2873
2691
2525
2393
2786
2102
2509
2326
2530
1722
1558
2166
2421
2400
1393
2792
2693
1836
2806
2816
2527
1518
1880
2959
1925
2175
2697
2673
2961
1731
1182
2794
1214
2878
2126
1756
1297
2907
1573
1642
1805
1246
1890
2497
2294
2677
2199
2872
1698
1983
1511
1478
2658
1583
1188
1676
1552
2588
2683
2945
1195
2814
1676
1300
1403
2108
1657
2303
1826
1608
1237
2406
2664
2651
1339
2128
2858
1280
1824
1432
2682
1916
2050
2992
1577
1539
2783
1878
2529
2182
1633
1793
2495
1944
1225
2040
1252
1643
2900
1994
2809
1858
1202
1683
2731
1648
1439
2289
2365
1211
1862
1994
2835
1972
1820
1535
2050
2491
2924
1327
2374
2413
2202
2747
1967
2144
1605
1204
2722
2438
1463
2962
2044
1307
2375
2800
2827
2205
1404
1867
1977
1506
2019
1173
1577
1823
2470
1798
2083
1447
1863
2876
2326
2552
1931
2761
1586
2938
1264
2317
1550
1799
1147
1414
2660
2103
2838
1141
1443
2965
1683
1437
2326
2171
2290
2229
1373
2406
2393
1529
1858
2436
2004
1699
1712
2394
2428
2115
1878
2529
2162
2090
1960
1809
1613
2105
2526
2542
2759
2917
2893
1532
2328
2122
1925
2589
1889
2227
2781
2267
2139
1544
2124
2466
2889
1517
1913
1664
1727
2281
1791
2178
2664
2220
1554
2644
2767
2745
2861
1886
2116
1243
2948
1788
1611
1990
1900
2901
2068
1289
2620
2708
2821
2410
1500
1434
2617
2772
2903
2086
1288
2710
1773
1266
2906
2262
2823
1867
1469
2730
1564
2801
2978
2822
2086
1490
1549
2254
2400
1381
2108
1456
2007
1957
2061
2332
1281
2211
1135
2974
2816
1835
2441
2506
1720
2249
2961
2410
2863
2082
2028
1554
2428
2451
2319
1884
2266
1413
2291
1608
2169
1346
1770
1808
1881
1750
2993
1546
1230
2855
2772
2289
2277
2572
2098
2336
1164
1291
2204
1432
1411
2790
2731
1336
2510
2376
2075
2119
1476
2146
2625
2349
1255
2222
2868
1654
1864
1750
1191
2795
1263
1733
2918
1484
1287
1591
1849
2106
1706
2258
1371
2405
2794
2967
1139
1642
2853
1139
1303
1532
2000
2911
2519
2355
2483
2796
1185
1516
2442
1253
1775
2038
1563
2647
1387
2930
2505
1768
2753
1477
1854
2319
2893
1758
2899
1807
2759
1996
2270
2926
1145
1789
2417
2712
2664
1816
1978
1763
2131
2266
2711
2656
1681
2684
1297
2394
1923
2049
1909
2771
2711
2233
2510
2919
2410
2703
2253
2040
1290
2694
2093
1128
2481
2076
2934
1431
1467
1569
2841
1933
2416
1179
2382
1459
2110
2918
2387
2586
1153
2603
1854
1238
2863
1568
1984
1164
2733
2539
1403
2464
1428
1745
2628
1777
1300
2764
2197
1357
2761
1445
1330
1597
2885
1645
2869
1541
1894
2633
2177
1841
1417
1929
2408
2287
1412
1451
2021
1936
1222
2418
2108
2375
2379
1907
2467
1424
1740
2031
2580
1554
2318
1988
