1128
1129
1135
1135
1135
1139
1139
1139
1141
1141
1143
1143
1145
1145
1147
1153
1154
1156
1156
1156
1164
1164
1173
1175
1177
1177
1179
1180
1182
1183
1183
1184
1185
1186
1188
1191
1194
1195
1195
1196
1197
1202
1202
1204
1207
1207
1211
1214
1217
1220
1222
1225
1226
1227
1229
1230
1232
1237
1238
1240
1242
1243
1244
1246
1252
1253
1253
1255
1255
1255
1263
1263
1263
1264
1266
1268
1269
1276
1280
1281
1282
1287
1287
1288
1288
1289
1290
1291
1292
1293
1293
1294
1295
1295
1297
1297
1297
1300
1300
1301
1303
1304
1307
1309
1309
1310
1318
1321
1324
1327
1329
1330
1331
1332
1335
1336
1337
1339
1346
1350
1351
1355
1357
1364
1370
1371
1373
1373
1380
1380
1381
1383
1384
1387
1390
1393
1395
1400
1403
1403
1404
1406
1410
1411
1411
1412
1413
1413
1414
1417
1422
1422
1423
1424
1427
1428
1430
1430
1431
1432
1432
1434
1435
1437
1437
1439
1442
1443
1443
1445
1447
1451
1454
1454
1456
1457
1459
1462
1463
1464
1467
1469
1473
1476
1476
1477
1478
1478
1481
1481
1484
1490
1490
1491
1494
1495
1500
1502
1504
1506
1507
1508
1511
1511
1512
1512
1516
1517
1517
1518
1523
1523
1529
1532
1532
1535
1539
1539
1541
1541
1543
1544
1544
1546
1548
1549
1549
1550
1552
1554
1554
1554
1554
1555
1556
1557
1558
1559
1563
1563
1564
1568
1568
1569
1569
1573
1575
1577
1577
1578
1583
1584
1586
1586
1587
1591
1594
1596
1597
1605
1608
1608
1611
1613
1616
1617
1617
1618
1621
1622
1628
1632
1633
1633
1635
1641
1642
1642
1643
1645
1648
1651
1652
1654
1657
1657
1660
1664
1664
1667
1670
1671
1676
1676
1678
1681
1683
1683
1684
1692
1692
1695
1698
1699
1704
1706
1712
1715
1718
1720
1720
1722
1722
1723
1723
1727
1728
1729
1731
1733
1737
1740
1740
1742
1745
1747
1747
1749
1750
1750
1750
1756
1758
1758
1760
1763
1763
1767
1768
1768
1770
1773
1775
1776
1777
1778
1780
1783
1786
1788
1789
1789
1790
1791
1793
1796
1798
1799
1802
1805
1805
1807
1808
1808
1809
1815
1816
1816
1817
1820
1821
1822
1823
1824
1826
1831
1835
1836
1837
1841
1842
1847
1849
1854
1854
1855
1855
1858
1858
1862
1863
1864
1867
1867
1874
1876
1878
1878
1880
1881
1881
1881
1883
1884
1884
1886
1888
1889
1889
1890
1893
1894
1900
1907
1908
1908
1909
1912
1913
1916
1919
1919
1919
1921
1923
1924
1925
1925
1929
1931
1933
1936
1939
1944
1947
1951
1952
1952
1955
1955
1956
1957
1957
1959
1960
1960
1964
1965
1967
1969
1972
1972
1972
1974
1976
1977
1978
1980
1982
1982
1983
1984
1987
1987
1988
1990
1990
1991
1991
1994
1994
1996
2000
2002
2004
2007
2015
2016
2016
2019
2021
2022
2022
2028
2028
2031
2038
2040
2040
2040
2044
2045
2045
2049
2050
2050
2051
2053
2060
2061
2061
2066
2068
2070
2075
2076
2082
2083
2083
2084
2086
2086
2087
2090
2093
2093
2094
2097
2097
2098
2100
2101
2102
2103
2105
2106
2107
2108
2108
2108
2110
2111
2111
2112
2115
2116
2119
2120
2122
2124
2126
2128
2131
2138
2139
2142
2144
2145
2146
2149
2151
2153
2157
2159
2160
2162
2162
2164
2166
2166
2169
2169
2171
2172
2172
2175
2177
2178
2182
2182
2182
2184
2189
2191
2193
2195
2197
2199
2199
2201
2202
2204
2205
2207
2211
2211
2220
2222
2227
2229
2233
2239
2243
2249
2249
2253
2254
2255
2257
2258
2259
2261
2262
2266
2266
2267
2267
2268
2270
2272
2276
2277
2281
2287
2289
2289
2290
2290
2291
2292
2294
2294
2295
2298
2303
2314
2317
2317
2318
2319
2319
2321
2322
2325
2326
2326
2326
2328
2332
2333
2336
2336
2336
2336
2337
2338
2338
2340
2340
2342
2344
2345
2348
2348
2349
2349
2353
2355
2356
2357
2358
2358
2359
2360
2365
2365
2368
2369
2372
2373
2374
2375
2375
2375
2376
2376
2378
2379
2379
2381
2382
2387
2390
2393
2393
2394
2394
2394
2399
2400
2400
2403
2403
2404
2405
2406
2406
2408
2410
2410
2410
2413
2416
2417
2418
2421
2423
2423
2428
2428
2429
2431
2432
2436
2437
2438
2439
2441
2441
2442
2447
2448
2451
2457
2457
2464
2465
2466
2467
2469
2470
2470
2472
2477
2479
2480
2481
2483
2483
2491
2491
2493
2495
2497
2505
2506
2508
2509
2510
2510
2511
2517
2518
2518
2519
2524
2525
2525
2526
2527
2529
2529
2530
2531
2533
2539
2542
2542
2543
2545
2546
2552
2552
2554
2558
2561
2561
2562
2563
2566
2567
2570
2572
2574
2576
2580
2586
2588
2589
2603
2609
2613
2613
2615
2617
2619
2620
2620
2620
2625
2627
2628
2628
2633
2641
2641
2643
2644
2647
2647
2651
2653
2656
2658
2659
2660
2662
2664
2664
2664
2671
2672
2673
2674
2674
2676
2677
2677
2682
2682
2683
2684
2688
2691
2691
2693
2694
2695
2696
2697
2703
2703
2706
2707
2708
2710
2711
2711
2712
2712
2722
2728
2729
2729
2730
2731
2731
2733
2737
2738
2738
2745
2747
2750
2753
2759
2759
2761
2761
2761
2761
2763
2764
2767
2768
2769
2771
2772
2772
2778
2781
2783
2784
2786
2790
2792
2794
2794
2795
2796
2800
2801
2802
2803
2806
2807
2807
2809
2809
2814
2815
2816
2816
2817
2818
2820
2821
2822
2823
2827
2830
2830
2835
2838
2838
2839
2841
2841
2846
2853
2854
2854
2855
2858
2858
2860
2861
2861
2863
2863
2864
2867
2868
2869
2872
2873
2875
2876
2878
2884
2885
2885
2889
2892
2893
2893
2897
2898
2899
2900
2901
2902
2903
2906
2907
2908
2911
2914
2915
2917
2918
2918
2919
2921
2921
2924
2926
2929
2930
2930
2933
2934
2938
2945
2948
2951
2952
2953
2954
2958
2959
2961
2961
2961
2962
2965
2966
2967
2969
2971
2974
2974
2975
2978
2984
2984
2985
2985
2992
2993
